  0.972386  0.0145384   0.232926  -0.191786
 -0.010302   0.999759 -0.0193941  0.0425389
 -0.233151  0.0164589   0.972301 -0.0164871
         0          0          0          1
  0.972392  0.0145272   0.232899  -0.191791
-0.0102936   0.999759 -0.0193834  0.0425404
 -0.233125  0.0164509   0.972308  -0.016485
         0          0          0          1
  0.972395  0.0145034   0.232889  -0.191789
-0.0102709    0.99976 -0.0193763  0.0425391
 -0.233114  0.0164495    0.97231 -0.0164847
         0          0          0          1
